25
330
34
466
73
273
269
210
192
489
251
297
518
303
561
364
10
432
193
205
118
64
352
264
246
542
351
456 93
541 598
355 505
95 510
264 172
157 490
40 167
555 295
159 206
349 427
218 229
441 587
221 86
115 541
425 482
42 556
448 451
143 29
373 152
182 540
583 122
509 239
370 472
33 17
123 57
424 32
457 93
544 109
532 578
394 527
11 141
487 118
285 277
6 165
580 396
597 512
548 515
343 178
568 425
30 202
388 513
18 247
349 202
547 112
78 387
436 262
398 472
143 116
205 528
399 421
242 212
422 488
165 512
475 62
79 357
346 239
49 312
101 157
81 360
275 344
457 256
56 377
575 89
573 54
433 247
598 115
324 403
555 295
225 207
21 547
37 253
293 325
80 324
407 131
469 174
438 189
396 379
26 94
363 463
404 34
246 440
434 420
517 519
598 439
489 562
524 400
490 472
477 3
293 279
137 567
113 202
341 158
91 431
240 434
405 407
81 199
274 392
442 296
597 46
403 129
50 89
327 418
583 16
336 21
80 230
431 534
141 432
32 83
526 118
339 446
267 456
27 56
264 261
438 538
145 352
342 400
53 304
7 39
465 347
446 57
30 381
6 320
461 204
442 581
564 152
521 599
579 563
25 34
587 502
123 141
101 515
340 437
81 476
346 470
389 71
60 573
198 371
344 336
301 329
62 264
139 202
546 414
106 531
394 423
25 51
555 462
494 576
289 537
270 38
573 97
113 146
286 300
72 442
305 594
5 293
453 265
434 315
405 156
319 438
380 216
358 45
259 325
67 58
315 532
569 38
272 317
250 574
526 234
272 196
18 250
360 318
569 222
537 408
584 234
111 232
521 30
489 46
580 400
575 357
263 3
404 287
517 530
300 482
184 176
298 441
214 599
27 446
158 25
69 234
283 257
561 11
96 266
212 66
87 472
44 205
296 171
561 568
93 72
597 184
242 328
291 427
598 339
169 324
240 405
342 484
128 89
455 525
72 524
256 343
7 13
504 121
239 507
555 23
19 181
46 460
78 113
16 579
449 437
580 529
478 161
476 174
536 288
466 3
167 535
569 252
593 379
477 531
393 561
451 499
597 129
302 479
440 403
90 37
521 30
315 88
515 474
555 288
324 74
245 369
1 458
169 150
194 96
9 148
79 581
69 115
44 344
571 407
133 122
165 325
96 574
446 523
182 335
210 112
483 172
303 27
131 21
127 414
110 195
428 52
154 436
32 486
559 286
354 172
221 286
27 548
275 411
281 259
547 3
428 420
53 53
116 52
347 192
43 503
399 581
91 190
228 506
590 323
373 245
58 127
261 190
445 49
198 544
447 48
63 576
477 196
242 218
346 58
226 332
19 105
33 206
497 373
365 296
54 434
592 331
508 89
588 204
536 191
244 320
423 410
260 128
324 349
224 316
349 104
422 580
415 340
158 568
84 504
210 484
141 468
20 146
214 404
290 468
93 266
507 329
189 507
476 277
119 33
510 86
112 1
184 504
229 359
465 296
30 250
572 64
130 30
480 234
425 478
482 480
185 255
280 556
