15
250
72
181
357
81
498
173
414
62
124
207
339
16
135
169
46
205 295
234 151
273 486
72 122
287 88
337 412
340 95
287 267
295 82
271 44
254 421
2 182
94 275
339 312
112 438
425 448
246 104
46 478
92 281
287 114
442 434
7 64
118 351
467 445
253 384
423 334
102 79
287 285
332 64
15 146
1 456
22 278
288 449
197 208
174 41
483 427
34 273
377 387
453 480
166 317
12 451
258 176
424 185
103 299
235 434
491 214
273 129
450 150
71 337
3 493
332 118
15 125
324 10
316 130
295 480
110 455
118 32
413 32
307 88
106 106
499 363
408 113
120 145
268 340
82 236
386 133
456 172
252 21
233 42
325 96
364 60
177 339
271 372
130 436
180 364
459 387
48 443
48 285
94 372
423 83
391 280
379 7
160 404
198 497
304 156
371 455
95 16
55 217
352 77
392 123
141 29
180 106
339 211
37 166
297 377
373 482
452 84
185 61
102 12
482 381
356 297
140 265
355 392
217 79
132 163
226 273
400 451
288 480
187 69
265 93
138 428
141 120
180 419
291 413
497 67
171 327
1 191
97 337
400 12
432 389
243 194
109 372
494 83
495 297
384 270
111 233
25 251
180 491
489 496
81 256
210 246
222 385
3 278
176 109
384 166
384 237
314 176
464 455
68 218
357 393
154 160
497 213
292 112
116 156
271 16
309 301
35 370
312 230
412 243
11 237
385 98
149 50
119 37
71 196
204 212
410 430
97 206
342 496
74 498
233 248
64 450
146 367
338 88
256 315
131 473
190 278
393 112
91 381
283 142
321 488
460 206
163 482
159 452
203 448
318 294
318 418
12 288
170 222
231 128
205 479
6 202
367 238
471 144
227 41
287 160
361 173
479 437
279 296
221 121
427 87
111 394
466 491
443 321
425 93
357 251
223 393
454 208
371 77
277 322
359 453
31 95
367 165
39 472
349 188
339 17
339 442
130 228
155 198
180 385
125 332
369 72
11 162
356 206
53 381
333 304
365 282
217 354
3 52
27 139
438 234
407 12
478 467
381 493
247 50
451 387
40 412
61 385
485 117
149 111
204 330
435 267
311 179
443 171
475 358
95 189
58 329
73 288
83 459
88 169
365 227
303 370
252 148
282 88
430 278
440 336
492 70
271 286
391 488
216 129
157 337
